00000000
00000001
00000002
00000003
00000005
00000006
00000007
00000008
00000009
00000010
00000011
00000012
00000014
00000015
00000017
00000018
00000019
00000020
00000021
00000022
00000023
00000025
00000026
00000027
00000028
00000030
00000031
00000032
00000034
00000035
00000036
00000037
00000038
00000039
00000040
00000041
00000042
00000043
00000045
00000046
00000047
00000048
00000049
00000050
00000051
00000052
00000053
00000054
00000055
00000057
00000058
00000060
00000062
00000063
00000064
00000065
00000066
00000068
00000070
00000071
00000072
00000074
00000075
00000076
00000077
00000078
00000079
00000080
00000081
00000082
00000084
00000085
00000086
00000087
00000089
00000090
00000091
00000092
00000094
00000095
00000096
00000097
00000098
00000099
00000100
00000101
00000102
00000103
00000104
00000105
00000107
00000108
00000109
00000110
00000112
00000113
00000115
00000116
00000117
00000118
00000119
00000121
00000122
00000123
00000124
00000125
00000126
00000127
00000128
00000130
00000131
00000132
00000133
00000134
00000135
00000137
00000139
00000140
00000141
00000142
00000143
00000144
00000145
00000148
00000149
00000150
00000151
00000152
00000153
00000154
00000155
00000156
00000157
00000158
00000159
00000161
00000162
00000165
00000167
00000169
00000170
00000171
00000172
00000173
00000174
00000175
00000177
00000178
00000179
00000180
00000181
00000182
00000183
00000184
00000185
00000186
00000187
00000188
00000190
00000192
00000193
00000194
00000196
00000197
00000198
00000200
00000201
00000202
00000203
00000204
00000205
00000206
00000208
00000209
00000210
00000211
00000213
00000214
00000215
00000218
00000220
00000222
00000223
00000224
00000225
00000226
00000227
00000228
00000229
00000230
00000231
00000233
00000235
00000236
00000237
00000238
00000239
00000240
00000241
00000242
00000243
00000244
00000245
00000246
00000247
00000248
00000249
00000250
00000251
00000252
00000253
00000255
00000256
00000257
00000258
00000259
00000260
00000261
00000262
00000263
00000264
00000265
00000266
00000267
00000268
00000269
00000270
00000271
00000272
00000273
00000275
00000277
00000278
00000279
00000280
00000283
00000285
00000286
00000288
00000291
00000292
00000293
00000294
00000295
00000296
00000298
00000299
00000301
00000302
00000303
00000304
00000305
00000306
00000307
00000308
00000309
00000310
00000311
00000312
00000313
00000314
00000315
00000316
00000317
00000318
00000319
00000320
00000321
00000323
00000324
00000325
00000327
00000328
00000330
00000331
00000332
00000333
00000334
00000335
00000337
00000338
00000339
00000342
00000344
00000345
00000346
00000350
00000351
00000352
00000353
00000354
00000355
00000356
00000358
00000359
00000360
00000361
00000362
00000363
00000364
00000365
00000366
00000367
00000368
00000369
00000370
00000371
00000372
00000373
00000374
00000375
00000377
00000378
00000379
00000380
00000382
00000383
00000384
00000385
00000386
00000387
00000388
00000389
00000390
00000391
00000392
00000395
00000396
00000397
00000398
00000399
00000401
00000402
00000403
00000404
00000406
00000407
00000408
00000409
00000410
00000411
00000412
00000413
00000415
00000416
00000417
00000418
00000419
00000420
00000422
00000423
00000424
00000425
00000427
00000428
00000430
00000431
00000432
00000434
00000435
00000436
00000439
00000440
00000441
00000442
00000443
00000444
00000445
00000447
00000448
00000450
00000451
00000452
00000453
00000454
00000456
00000457
00000458
00000459
00000460
00000461
00000462
00000464
00000465
00000466
00000467
00000471
00000472
00000474
00000475
00000476
00000477
00000478
00000479
00000481
00000482
00000483
00000484
00000485
00000486
00000487
00000488
00000489
00000491
00000492
00000493
00000494
00000495
00000496
00000497
00000499
00000500
00000501
00000502
00000503
00000505
00000506
00000507
00000510
00000511
00000512
00000513
00000515
00000516
00000518
00000519
00000520
00000521
00000522
00000523
00000524
00000526
00000527
00000528
00000529
00000530
00000531
00000532
00000533
00000535
00000537
00000538
00000543
00000544
00000545
00000546
00000548
00000549
00000550
00000551
00000553
00000554
00000555
00000557
00000558
00000559
00000560
00000561
00000562
00000564
00000565
00000566
00000567
00000568
00000569
00000571
00000574
00000576
00000577
00000578
00000580
00000581
00000582
00000583
00000585
00000587
00000588
00000589
00000590
00000592
00000594
00000595
00000596
00000597
00000598
00000599
00000600
00000601
00000602
00000603
00000604
00000605
00000606
00000607
00000608
00000609
00000610
00000611
00000613
00000614
00000615
00000617
00000618
00000619
00000620
00000621
00000622
00000624
00000625
00000626
00000627
00000629
00000630
00000631
00000632
00000633
00000634
00000635
00000637
00000638
00000639
00000640
00000641
00000642
00000643
00000644
00000646
00000648
00000649
00000650
00000651
00000652
00000654
00000655
00000656
00000658
00000659
00000660
00000661
00000664
00000665
00000666
00000667
00000669
00000670
00000671
00000673
00000674
00000675
00000676
00000677
00000678
00000679
00000680
00000681
00000682
00000683
00000684
00000685
00000686
00000687
00000688
00000689
00000690
00000691
00000692
00000693
00000695
00000696
00000697
00000698
00000699
00000703
00000704
00000705
00000706
00000707
00000708
00000711
00000712
00000713
00000714
00000715
00000717
00000718
00000719
00000720
00000721
00000724
00000725
00000728
00000729
00000731
00000733
00000734
00000736
00000737
00000738
00000739
00000740
00000741
00000742
00000743
00000744
00000745
00000746
00000747
00000748
00000749
00000750
00000751
00000752
00000753
00000754
00000755
00000756
00000757
00000759
00000760
00000762
00000763
00000764
00000765
00000769
00000770
00000772
00000773
00000774
00000775
00000777
00000778
00000779
00000780
00000781
00000782
00000783
00000784
00000785
00000786
00000787
00000788
00000789
00000790
00000791
00000792
00000795
00000796
00000797
00000798
00000799
00000801
00000802
00000803
00000805
00000806
00000807
00000808
00000809
00000810
00000813
00000814
00000816
00000817
00000819
00000820
00000821
00000822
00000823
00000824
00000826
00000827
00000828
00000829
00000831
00000832
00000834
00000835
00000836
00000838
00000839
00000840
00000842
00000843
00000844
00000845
00000846
00000848
00000849
00000850
00000851
00000852
00000853
00000855
00000857
00000858
00000859
00000860
00000861
00000863
00000864
00000865
00000866
00000868
00000869
00000870
00000871
00000872
00000873
00000874
00000875
00000876
00000877
00000878
00000879
00000881
00000882
00000885
00000886
00000888
00000889
00000890
00000891
00000893
00000894
00000895
00000896
00000900
00000901
00000902
00000904
00000906
00000907
00000908
00000909
00000910
00000911
00000912
00000915
00000916
00000917
00000918
00000919
00000920
00000921
00000922
00000923
00000924
00000925
00000927
00000929
00000930
00000932
00000934
00000935
00000936
00000937
00000938
00000939
00000940
00000941
00000942
00000946
00000947
00000948
00000949
00000950
00000952
00000953
00000954
00000957
00000960
00000961
00000962
00000963
00000964
00000965
00000966
00000967
00000968
00000969
00000971
00000972
00000973
00000974
00000975
00000976
00000977
00000978
00000979
00000981
00000982
00000984
00000985
00000987
00000989
00000990
00000991
00000992
00000993
00000994
00000996
00000997
00000999
00001000
00001004
00001005
00001006
00001007
00001008
00001009
00001012
00001013
00001014
00001015
00001017
00001018
00001019
00001020
00001021
00001022
00001023
00001025
00001026
00001028
00001029
00001030
00001031
00001032
00001033
00001034
00001036
00001037
00001039
00001040
00001043
00001045
00001046
00001047
00001048
00001049
00001050
00001051
