0 160.000000 1.000000 285.000000 44.000000
0 172.000000 140.000000 230.000000 206.000000
0 230.000000 136.000000 306.000000 227.000000
0 940.000000 805.000000 994.000000 868.000000
0 833.000000 827.000000 878.000000 859.000000
0 295.000000 734.000000 420.000000 863.000000
0 339.000000 863.000000 438.000000 928.000000
0 1219.000000 831.000000 1272.000000 892.000000
0 165.000000 401.000000 252.000000 472.000000
0 650.000000 221.000000 694.000000 259.000000
0 675.000000 248.000000 721.000000 288.000000
0 744.000000 273.000000 786.000000 296.000000
0 710.000000 416.000000 816.000000 515.000000
0 803.000000 500.000000 846.000000 540.000000
0 831.000000 513.000000 887.000000 554.000000