0 1129.000000 63.000000 1412.000000 258.000000
0 962.000000 729.000000 1060.000000 818.000000
0 139.000000 26.000000 423.000000 202.000000
0 86.000000 523.000000 169.000000 579.000000
0 55.000000 857.000000 152.000000 942.000000
0 168.000000 381.000000 509.000000 602.000000
0 420.000000 338.000000 554.000000 527.000000
0 519.000000 278.000000 618.000000 356.000000
0 555.000000 387.000000 665.000000 465.000000
0 551.000000 458.000000 700.000000 554.000000
0 839.000000 572.000000 998.000000 691.000000
0 751.000000 631.000000 867.000000 716.000000
0 634.000000 671.000000 782.000000 772.000000
0 828.000000 752.000000 906.000000 821.000000