0 197.000000 303.000000 278.000000 417.000000
0 480.000000 598.000000 563.000000 684.000000
0 738.000000 317.000000 833.000000 469.000000
0 876.000000 346.000000 963.000000 439.000000
0 757.000000 61.000000 822.000000 129.000000
0 884.000000 40.000000 949.000000 102.000000
0 1350.000000 21.000000 1411.000000 96.000000
0 1349.000000 267.000000 1397.000000 326.000000
0 1420.000000 270.000000 1496.000000 332.000000
0 1435.000000 349.000000 1494.000000 393.000000
0 1202.000000 658.000000 1264.000000 729.000000
0 1396.000000 1.000000 1463.000000 33.000000
0 167.000000 870.000000 235.000000 942.000000
0 722.000000 828.000000 799.000000 885.000000