0 1608.000000 841.000000 1705.000000 933.000000
0 43.000000 422.000000 213.000000 565.000000
0 218.000000 706.000000 331.000000 784.000000
0 342.000000 687.000000 476.000000 812.000000
0 418.000000 463.000000 739.000000 648.000000
0 457.000000 72.000000 571.000000 127.000000
0 584.000000 83.000000 646.000000 155.000000
0 818.000000 163.000000 942.000000 235.000000
0 839.000000 225.000000 1053.000000 388.000000
0 921.000000 159.000000 1007.000000 225.000000
0 1055.000000 281.000000 1140.000000 401.000000