0 1058.000000 159.000000 1161.000000 221.000000
0 1445.000000 574.000000 1576.000000 712.000000
0 580.000000 535.000000 661.000000 668.000000
0 580.000000 104.000000 662.000000 163.000000
0 362.000000 105.000000 720.000000 372.000000
0 27.000000 70.000000 95.000000 124.000000
0 1128.000000 681.000000 1283.000000 866.000000
0 990.000000 762.000000 1050.000000 814.000000
0 990.000000 812.000000 1029.000000 844.000000
0 380.000000 535.000000 427.000000 582.000000
0 313.000000 506.000000 375.000000 584.000000
0 1123.000000 431.000000 1240.000000 534.000000
0 1172.000000 523.000000 1263.000000 592.000000