0 802.000000 580.000000 1006.000000 866.000000
0 723.000000 774.000000 850.000000 898.000000
0 1001.000000 252.000000 1209.000000 444.000000
0 1272.000000 340.000000 1357.000000 406.000000
0 929.000000 350.000000 1005.000000 461.000000
0 640.000000 596.000000 741.000000 681.000000
0 1429.000000 452.000000 1512.000000 512.000000
0 1240.000000 155.000000 1276.000000 196.000000
0 1461.000000 1.000000 1607.000000 234.000000
0 763.000000 390.000000 930.000000 562.000000
0 623.000000 447.000000 762.000000 590.000000