0 1321.000000 309.000000 1444.000000 359.000000
0 1335.000000 461.000000 1388.000000 526.000000
0 1391.000000 463.000000 1464.000000 545.000000
0 1322.000000 722.000000 1412.000000 790.000000
0 840.000000 690.000000 1012.000000 778.000000
0 962.000000 718.000000 1077.000000 804.000000
0 774.000000 738.000000 838.000000 817.000000
0 685.000000 251.000000 793.000000 338.000000
0 549.000000 322.000000 666.000000 384.000000
0 820.000000 371.000000 869.000000 401.000000
0 947.000000 815.000000 1009.000000 871.000000