0 429.000000 2.000000 523.000000 58.000000
0 123.000000 255.000000 189.000000 365.000000
0 212.000000 312.000000 263.000000 350.000000
0 674.000000 209.000000 750.000000 262.000000
0 1153.000000 38.000000 1218.000000 106.000000
0 1398.000000 367.000000 1491.000000 441.000000
0 884.000000 492.000000 951.000000 570.000000
0 951.000000 536.000000 1020.000000 618.000000
0 196.000000 623.000000 280.000000 680.000000
0 777.000000 566.000000 841.000000 627.000000
0 782.000000 657.000000 847.000000 702.000000
0 1389.000000 572.000000 1465.000000 638.000000