0 129.000000 181.000000 203.000000 278.000000
0 162.000000 347.000000 247.000000 412.000000
0 327.000000 243.000000 480.000000 372.000000
0 577.000000 223.000000 653.000000 325.000000
0 561.000000 434.000000 761.000000 592.000000
0 868.000000 268.000000 929.000000 340.000000
0 822.000000 366.000000 887.000000 457.000000
0 747.000000 337.000000 807.000000 380.000000
0 361.000000 128.000000 505.000000 244.000000
0 353.000000 507.000000 428.000000 599.000000
0 829.000000 495.000000 962.000000 650.000000
0 994.000000 90.000000 1075.000000 177.000000