0 1417.000000 105.000000 1498.000000 176.000000
0 1523.000000 471.000000 1596.000000 527.000000
0 1391.000000 552.000000 1464.000000 626.000000
0 1453.000000 518.000000 1516.000000 600.000000
0 1341.000000 645.000000 1402.000000 714.000000
0 1520.000000 745.000000 1573.000000 804.000000
0 1638.000000 650.000000 1712.000000 751.000000
0 701.000000 89.000000 768.000000 155.000000
0 985.000000 102.000000 1039.000000 172.000000
0 1206.000000 72.000000 1266.000000 134.000000
0 1043.000000 92.000000 1205.000000 259.000000
0 622.000000 241.000000 706.000000 322.000000
0 269.000000 210.000000 318.000000 257.000000
0 291.000000 255.000000 377.000000 332.000000
0 318.000000 332.000000 366.000000 382.000000
0 118.000000 291.000000 164.000000 340.000000
0 19.000000 387.000000 96.000000 455.000000
0 658.000000 425.000000 714.000000 470.000000
0 702.000000 471.000000 755.000000 524.000000
0 608.000000 481.000000 686.000000 554.000000
0 525.000000 538.000000 609.000000 595.000000
0 505.000000 600.000000 549.000000 645.000000
0 1091.000000 425.000000 1146.000000 492.000000